numcellstotal = 176896
numcells = 691 256
celldimensions = 0.500145 0.500000
initdisplacement = 0.250072 0.250000
